106875
136214
161558
166602
166856
177640
177770
184143
189385
191992
191993
195382
197561
198790
198907
200201
200203
200515
201236
201237
201546
201765
201766
201767
201768
201769
201772
201785
201791
201805
201824
202267
202311
202315
202318
202321
202560
202561
202990
203074
203075
203137
203138
203173
203192
203196
203201
203202
203216
203444
203454
203455
203456
203457
203458
203670
203671
203674
203741
203744
204047
204048
204049
204050
204051
204052
204053
204064
204126
204127
204132
204374
204388
204636
204637
204638
204640
204643
204644
204646
204654
204656
204853
204854
204855
204856
204857
205975
205976
205979
206568
207533
207553
207658
207680
207797
207798
207846
208860
208863
208868
209108
209134
209143
209423
209617
209742
209743
210080
210081
210082
210083
210646
210649
210665
211632
211882
212360
212373
212625
212940
213095
213524
213525
213526
213528
213532
213533
213534
213535
213568
213570
213571
213849
213861
214708
214710
214711
214720
214742
215677
216085
216087
216088
216286
216291
216292
216302
217269
217270
217320
217351
217405
217440
217441
217509
217510
218439
218865
219390
220173
220174
220503
220526
220527
220574
220575
220576
220718
220898
220900
220901
220955
220976
221251
221408
221409
221511
221617
221618
222088
222634
222638
222639
222645
222648
222649
223534
223538
223654
223656
223657
223658
223682
223980
224010
224012
224065
224066
224120
224411
224582
224583
224584
225389
225390
225549
225608
225610
225687
225690
225695
225808
225855
225857
225859
225940
225951
226169
226170
226175
226254
226255
226256